115.22,
116.876,
114.590,
126.068,
120.936,
108.254,
106.952,
129.284,
105.378,
129.164,
106.952,
125.862,
112.310,
90.187,
103.612,
121.442,
122.434,
123.586,
123.922,
117.364,
106.606,
109.774,
120.162,
114.462,
127.770,
124.152,
120.464,
111.198,
121.840,
104.976,
136.180,
123.772,
110.054,
102.238,
130.044,
121.584,
135.824,
130.590,
123.294,
110.446,
138.074,
106.588,
105.392,
127.814,
123.230,
122.778,
120.420,
144.264,
101.314,
119.452,
109.916,
109.938,
125.576,
139.332,
114.158,
129.932,
88.170,
118.214,
131.594,
125.204,
129.484,
125.826,
109.242,
130.518,
122.716,
130.882,
133.290,
100.674,
106.240,
107.406,
109.836,
113.588,
136.578,
113.986,
111.754,
132.416,
127.634,
117.132,
128.460,
121.004,
98.007,
104.190,
123.146,
116.862,
114.562,
123.694,
126.080,
104.626,
124.164,
129.964,
128.324,
100.078,
114.948,
109.570,
138.380,
121.086,
102.380,
130.362,
122.286,
122.286